===
MeshPositions
===
1.537651 1.264789 0.4336741
===
1.407238 1.283497 -1.989161
===
1.129982 1.327582 -6.816854
===
1.679609 3.647466 2.86959
===
-0.9934959 -1.140663 -1.859435
===
-3.424791 1.288004 -1.722178
===
1.547481 3.671429 0.4533118
===
1.672229 1.227588 2.845996
===
-0.87877 1.269787 0.5652123
===
1.537945 -1.16369 0.3999522
===
3.538087 1.334919 -6.955252
===
-1.286599 1.331118 -6.680882
===
-0.7441546 1.233669 2.97819
===
1.670882 -1.190858 2.816153
===
1.274307 1.310793 -4.405361
===
-3.425662 -1.136666 -1.7232
===
1.272444 -1.111053 -4.434726
===
-1.142038 1.311615 -4.272409
===
-0.8851802 -1.150071 0.539408
===
1.13692 -1.09554 -6.828272
===
3.68627 1.310296 -4.539573
===
-1.291139 -1.091697 -6.696084
===
-1.1439 -1.112153 -4.297629
===
3.685915 -1.109418 -4.57143
===
1.404919 -1.136351 -2.016376
===
-3.564454 1.299191 -4.096892
===
-0.8689024 3.67751 0.585506
===
-3.572407 -1.116986 -4.126045
===
-1.009974 1.299792 -1.851248
===
-3.294946 1.275962 0.6967278
===
MeshRotations
===
0.7106289 0.01838648 -0.0200538 0.7030408
===
0.7108116 0.0192004 -0.01965964 0.7028455
===
0.7101903 0.02026315 -0.02054547 0.7034181
===
0.7103091 0.01833197 -0.02029939 0.7033583
===
0.7101668 0.01984173 -0.02052825 0.7034544
===
0.7103274 0.01831924 -0.02031112 0.7033398
===
0.7103091 0.01833197 -0.02029939 0.7033583
===
0.7103091 0.01833197 -0.02029939 0.7033583
===
0.7106289 0.01838648 -0.0200538 0.7030408
===
0.7107934 0.01921321 -0.0196479 0.7028639
===
0.7103339 0.02040214 -0.01966686 0.7032942
===
0.7104259 0.02065682 -0.02029474 0.703176
===
0.7103091 0.01833197 -0.02029939 0.7033583
===
0.7107934 0.01921321 -0.0196479 0.7028639
===
0.7108116 0.0192004 -0.01965964 0.7028455
===
0.7091389 0.01978086 -0.02130159 0.7044693
===
0.7106202 0.02010498 -0.01968574 0.703013
===
0.7108116 0.0192004 -0.01965964 0.7028455
===
0.7106289 0.01838648 -0.0200538 0.7030408
===
0.7100974 0.02076708 -0.02015387 0.7035086
===
0.7108918 0.01984869 -0.0195731 0.7027488
===
0.7102231 0.02014123 -0.0209372 0.7033769
===
0.7110999 0.01999422 -0.01979168 0.7025279
===
0.7106979 0.02042821 -0.02019289 0.7029107
===
0.7108116 0.0192004 -0.01965964 0.7028455
===
0.7093453 0.02194061 -0.02287542 0.7041482
===
0.7103091 0.01833197 -0.02029939 0.7033583
===
0.7093176 0.01941706 -0.02171223 0.7042869
===
0.7110487 0.01832188 -0.02009161 0.7026168
===
0.7110205 0.01839486 -0.0201583 0.7026415




