===
MeshPositions
===
0.5127355 -1.694899 2.551542
===
-6.327759 3.13983 2.573549
===
-2.907907 0.7162311 2.572739
===
-2.9024 -1.69355 6.002342
===
2.227365 3.135879 4.266094
===
2.244657 -1.702435 4.280439
===
5.64851 0.7144016 4.268349
===
-4.615048 0.7228858 4.287947
===
3.95962 3.128102 -0.8665994
===
-4.623124 0.7129315 0.8655706
===
-2.910299 -1.703892 2.579913
===
-4.625526 -1.707265 0.8729303
===
-2.897326 3.14643 5.987891
===
5.670727 0.7088914 0.8458136
===
2.228669 0.7164336 4.270966
===
5.672082 3.128893 0.8433381
===
2.230844 3.123633 -2.578835
===
0.5198976 3.135444 2.556529
===
-6.335584 -1.700455 2.589597
===
3.961097 3.128754 2.552558
===
-4.612542 3.14313 4.28072
===
-4.617466 -1.697103 4.295121
===
-6.336221 0.705741 -0.8395461
===
3.952346 -1.707905 2.565742
===
-1.186159 0.7021708 -2.570105
===
2.237486 0.7094653 0.8485702
===
-2.899158 -1.713125 -0.8495168
===
2.231015 0.7038589 -2.574285
===
-2.899863 0.7264405 5.995117
===
-4.620586 3.132921 0.8583443
===
-4.613643 3.118153 -2.563893
===
-2.898514 3.121967 -0.8560253
===
0.5232373 -1.713873 -0.8546146
===
3.947068 -1.710367 -0.8611014
===
3.958218 0.7082297 -0.8644017
===
-6.330303 0.7197448 2.580612
===
-1.186861 3.129408 0.8493876
===
2.236979 -1.710289 0.8541536
===
-1.190511 -1.717371 -2.563259
===
-6.324108 3.127329 -0.8483202
===
0.5262451 3.143498 5.980288
===
-4.622305 0.6973683 -2.552275
===
-1.190154 3.139521 4.272687
===
0.5136892 0.7018993 -4.287908
===
0.5223801 0.7236586 5.987047
===
-1.19331 3.122779 -2.576056
===
-1.192691 0.7195315 4.279912
===
-1.187333 0.7093884 0.8549011
===
3.95435 0.7129788 2.557395
===
-2.90537 3.136221 2.565516
===
2.232692 3.129455 0.8465521
===
0.5237643 0.7063348 -0.8604468
===
0.5222287 3.126751 -0.8650558
===
-1.195227 -1.700459 4.287138
===
-1.187836 -1.710577 0.8611023
===
0.5145078 0.7126564 2.564696
===
-2.898636 0.7068697 -0.8549924
===
MeshRotations
===
0.6549174 -0.2700569 0.268944 0.6525501
===
0.6524809 -0.26977 0.2698906 0.6547151
===
0.6524809 -0.2697701 0.2698906 0.6547152
===
0.6524809 -0.26977 0.2698906 0.6547151
===
0.6522906 -0.2691351 0.2700242 0.6551108
===
0.652505 -0.2694733 0.2703825 0.6546103
===
0.6523457 -0.2694445 0.2701245 0.6548874
===
0.6524947 -0.2697561 0.2699029 0.654702
===
0.6529714 -0.2704013 0.270312 0.6537912
===
0.6524809 -0.26977 0.2698906 0.6547151
===
0.6524947 -0.2697561 0.2699029 0.654702
===
0.6524485 -0.2697272 0.2699261 0.6547504
===
0.6524809 -0.26977 0.2698906 0.6547151
===
0.6529714 -0.2704013 0.270312 0.6537912
===
0.6524483 -0.2694761 0.2698479 0.6548863
===
0.6529714 -0.2704013 0.270312 0.6537912
===
0.6528779 -0.2698283 0.2703812 0.6540927
===
0.6526216 -0.2695708 0.2699161 0.6546464
===
0.6523755 -0.2697273 0.2700476 0.6547731
===
0.6524621 -0.2699599 0.2702949 0.6544888
===
0.6524809 -0.26977 0.2698906 0.6547151
===
0.6524947 -0.2697561 0.2699029 0.654702
===
0.6520117 -0.2698825 0.2698351 0.655159
===
0.652505 -0.2694733 0.2703825 0.6546103
===
0.6531554 -0.2694843 0.2714156 0.6535288
===
0.6527002 -0.2698902 0.270334 0.654264
===
0.6527141 -0.2698762 0.2703463 0.6542509
===
0.6528918 -0.2698144 0.2703934 0.6540795
===
0.6524809 -0.26977 0.2698906 0.6547151
===
0.6524809 -0.26977 0.2698906 0.6547151
===
0.6522601 -0.2697872 0.2700911 0.6548454
===
0.6521774 -0.2698496 0.2702383 0.6548413
===
0.6527141 -0.2698762 0.2703463 0.6542509
===
0.6530847 -0.2695841 0.2702303 0.6540492
===
0.6529391 -0.2703585 0.2703475 0.6538265
===
0.6524485 -0.2697272 0.2699261 0.6547504
===
0.6527212 -0.2697127 0.2702345 0.6543573
===
0.6526678 -0.2698473 0.2703694 0.6542994
===
0.6527141 -0.2698762 0.2703463 0.6542509
===
0.6521332 -0.2700988 0.2700658 0.6548538
===
0.6519594 -0.2694741 0.2699305 0.6553397
===
0.6520129 -0.2700314 0.2699648 0.6550429
===
0.6524809 -0.26977 0.2698906 0.6547151
===
0.6530204 -0.2698986 0.2703914 0.6539172
===
0.6524483 -0.2694761 0.2698479 0.6548863
===
0.6528773 -0.2696493 0.2703303 0.6541881
===
0.6524809 -0.26977 0.2698906 0.6547151
===
0.652747 -0.2696784 0.2702644 0.6543334
===
0.6527928 -0.2697138 0.2702526 0.654278
===
0.6524809 -0.26977 0.2698906 0.6547151
===
0.6528269 -0.270385 0.2699713 0.654083
===
0.6527398 -0.2698419 0.2703761 0.6542269
===
0.6528779 -0.2698283 0.2703812 0.6540927
===
0.6524809 -0.26977 0.2698906 0.6547151
===
0.6527212 -0.2697127 0.2702345 0.6543573
===
0.6524947 -0.2697561 0.2699029 0.654702
===
0.6527141 -0.2698762 0.2703463 0.6542509
