===
MeshPositions
===
-1.612216 2.976772 0.274933
===
-3.257986 -1.682671 5.598361
===
0.13827 -1.905455 -1.269474
===
1.881533 -1.700594 3.852234
===
-5.045829 2.947082 0.299615
===
1.816789 3.012183 0.2508232
===
1.814774 0.468187 -3.079033
===
-6.745656 2.996306 2.021409
===
-5.037948 0.3957488 -3.025298
===
-3.323467 3.025812 1.997756
===
-5.053288 2.814666 -3.120105
===
3.582544 -1.747773 2.13155
===
3.5403 2.970309 -1.465255
===
-3.307275 0.4805138 -1.33731
===
-5.023294 3.075037 3.719549
===
3.561851 -1.868761 -1.291931
===
0.1266245 3.184683 5.3867
===
-1.558159 -1.731896 3.876568
===
1.84151 0.7164114 3.761681
===
1.859165 -1.826534 0.4301457
===
-6.705659 -1.840108 2.205244
===
0.08938253 2.931853 -1.446186
===
0.1149097 0.5128096 -1.358113
===
-3.283915 -1.937751 -1.248671
===
-3.327752 0.3425014 -4.747974
===
3.562901 0.5518581 -1.381617
===
-3.300931 3.153767 5.417687
===
0.08965123 0.3901725 -4.779521
===
0.1201929 0.63714 2.064471
===
-3.301994 0.6075931 2.088092
===
-1.605288 0.4336354 -3.06117
===
-5.024357 0.528863 0.3899524
===
-1.579632 0.6863233 3.786232
===
3.559804 0.6707503 2.041279
===
-3.279459 0.7355483 5.508025
===
5.256003 3.045309 0.2397819
===
-5.001822 0.6568182 3.809886
===
-6.741724 0.4464349 -1.309273
===
0.1420948 -1.769718 2.133893
===
-1.633278 2.852342 -3.148127
===
-4.980349 -1.761401 3.900222
===
-6.756431 2.866171 -1.398009
===
-3.331024 2.893938 -1.421276
===
-6.724185 0.578088 2.111747
===
-1.565422 -1.859728 0.4529611
===
-1.582625 -1.984376 -2.969093
===
-1.601105 3.104542 3.695895
===
5.278604 0.6268575 0.3234198
===
-5.002884 -1.889356 0.4802887
===
1.790619 2.88648 -3.166694
===
0.142572 0.7658769 5.484303
===
3.542606 3.084907 1.953481
===
1.835805 0.5917007 0.3415451
===
-1.588819 0.5585217 0.3639472
===
1.816566 3.134039 3.673699
===
0.1016653 3.058102 1.973002
===
5.261158 0.7475477 3.743377
===
-3.280521 -1.810626 2.178428
===
MeshRotations
===
0.6432816 -0.2603795 0.2765841 0.66475
===
0.6430493 -0.2604288 0.2762553 0.6650921
===
0.6432766 -0.2605409 0.2766984 0.6646441
===
0.6431438 -0.2603266 0.2768001 0.6648142
===
0.6430493 -0.2604288 0.2762553 0.6650921
===
0.6433726 -0.2619025 0.2770008 0.6638895
===
0.6434588 -0.2604781 0.2767418 0.6644741
===
0.6430493 -0.2604288 0.2762553 0.6650921
===
0.6425754 -0.2606896 0.2763344 0.665415
===
0.6430493 -0.2604288 0.2762553 0.6650921
===
0.6428237 -0.2604454 0.2764586 0.6652192
===
0.6431438 -0.2603266 0.2768001 0.6648142
===
0.6435225 -0.2619128 0.2773401 0.6635985
===
0.6432766 -0.2605409 0.2766984 0.6646441
===
0.6430493 -0.2604288 0.2762553 0.6650921
===
0.6436979 -0.260279 0.2765513 0.6643999
===
0.6421366 -0.2599215 0.2763828 0.6661186
===
0.6430493 -0.2604288 0.2762553 0.6650921
===
0.6429973 -0.2601297 0.2762154 0.6652759
===
0.6432766 -0.2605409 0.2766984 0.6646441
===
0.6429739 -0.2604308 0.2763394 0.6651293
===
0.6434588 -0.2604781 0.2767418 0.6644741
===
0.6432766 -0.2605409 0.2766984 0.6646441
===
0.6432766 -0.2605409 0.2766984 0.6646441
===
0.642125 -0.2608882 0.2761767 0.6658373
===
0.6435225 -0.2619128 0.2773401 0.6635985
===
0.6430493 -0.2604288 0.2762553 0.6650921
===
0.6436056 -0.2604188 0.2765446 0.6644374
===
0.643035 -0.2604229 0.2762621 0.6651054
===
0.6430493 -0.2604288 0.2762553 0.6650921
===
0.6437367 -0.2601125 0.2775002 0.6640319
===
0.6430493 -0.2604288 0.2762553 0.6650921
===
0.6430493 -0.2604288 0.2762553 0.6650921
===
0.6433686 -0.2603645 0.2766131 0.6646597
===
0.6430493 -0.2604288 0.2762553 0.6650921
===
0.6435225 -0.2619128 0.2773401 0.6635985
===
0.6430493 -0.2604288 0.2762553 0.6650921
===
0.6426708 -0.2604842 0.2761742 0.6654698
===
0.6455551 -0.2607679 0.2752618 0.6629402
===
0.6434571 -0.2602997 0.2766883 0.6645681
===
0.6430493 -0.2604288 0.2762553 0.6650921
===
0.6426988 -0.2607586 0.2764381 0.6652257
===
0.6427416 -0.2605058 0.276607 0.6652132
===
0.6430493 -0.2604288 0.2762553 0.6650921
===
0.6432816 -0.2603795 0.2765841 0.66475
===
0.6432766 -0.2605409 0.2766984 0.6646441
===
0.6430493 -0.2604288 0.2762553 0.6650921
===
0.6435225 -0.2619128 0.2773401 0.6635985
===
0.6430493 -0.2604288 0.2762553 0.6650921
===
0.6434588 -0.2604781 0.2767418 0.6644741
===
0.6430117 -0.2601356 0.2762087 0.6652626
===
0.6430373 -0.2606127 0.2766611 0.664863
===
0.6432621 -0.260535 0.2767052 0.6646575
===
0.6432816 -0.2603795 0.2765841 0.66475
===
0.6429185 -0.2599946 0.276439 0.6653121
===
0.6431753 -0.2602434 0.2762652 0.6650388
===
0.6429101 -0.2600998 0.2764839 0.6652604
===
0.6430493 -0.2604288 0.2762553 0.6650921
