===
MeshPositions
===
-3.243454 1.280196 0.001088575
===
-0.04711783 1.312475 -4.370625
===
0.3645471 1.332461 -6.757647
===
-0.4525796 1.300261 -1.979931
===
-0.8486311 3.677592 0.4289282
===
-0.857841 1.270093 0.4059057
===
1.531595 -1.167699 0.7767056
===
1.537466 3.667386 0.8332207
===
2.745854 -1.100702 -6.361063
===
-0.03481525 -1.111804 -4.402318
===
0.3557457 -1.089123 -6.778435
===
1.12808 -1.195335 3.162673
===
-0.433846 -1.140366 -1.988769
===
-2.836401 1.293037 -2.386844
===
4.736488 -1.119175 -3.593732
===
1.133233 3.642936 3.2191
===
1.52805 1.26077 0.8107019
===
-2.440197 1.302888 -4.740859
===
2.339008 1.307415 -3.96714
===
-2.835603 -1.132348 -2.395609
===
-2.445707 -1.113738 -4.770841
===
2.740638 1.322446 -6.351477
===
4.73358 1.30256 -3.562488
===
1.935111 -1.140063 -1.609267
===
5.11946 1.325726 -5.95216
===
2.351362 -1.115359 -3.995418
===
1.127056 1.223079 3.193256
===
-1.25894 1.233485 2.789108
===
1.935557 1.279648 -1.58109
===
-0.8625829 -1.149746 0.3781201
===
MeshRotations
===
0.7089676 -0.06031704 0.05829968 0.7002343
===
0.7087013 -0.05955685 0.05875882 0.7005305
===
0.708286 -0.05911825 0.05872709 0.7009901
===
0.7089666 -0.0604457 0.05831373 0.700223
===
0.7082734 -0.06046541 0.05807208 0.7009425
===
0.7085862 -0.06038618 0.05832399 0.7006122
===
0.7087013 -0.05955685 0.05875882 0.7005305
===
0.7082956 -0.06047557 0.05804434 0.7009216
===
0.7078568 -0.05849968 0.05864589 0.7014822
===
0.7087101 -0.05936365 0.05935333 0.7004879
===
0.7082269 -0.05916592 0.05789358 0.7011151
===
0.7087013 -0.05955685 0.05875882 0.7005305
===
0.7079763 -0.05940614 0.05829613 0.7013145
===
0.708326 -0.06047471 0.05805926 0.7008896
===
0.7085222 -0.05931288 0.05886162 0.7007236
===
0.7082956 -0.06047557 0.05804434 0.7009216
===
0.7085862 -0.06038618 0.05832399 0.7006122
===
0.7074237 -0.05739736 0.0558712 0.7022362
===
0.7087013 -0.05955685 0.05875882 0.7005305
===
0.7070403 -0.05958134 0.05741369 0.702316
===
0.7072348 -0.05992122 0.05700851 0.7021243
===
0.707994 -0.0589879 0.05826382 0.7013346
===
0.7084249 -0.0595868 0.05954599 0.700741
===
0.7087013 -0.05955685 0.05875882 0.7005305
===
0.7080376 -0.05883722 0.05915481 0.7012287
===
0.7082527 -0.05940737 0.05936909 0.7009453
===
0.7082956 -0.06047557 0.05804434 0.7009216
===
0.7082956 -0.06047557 0.05804434 0.7009216
===
0.7086807 -0.05952553 0.05880561 0.70055
===
0.7085862 -0.06038618 0.05832399 0.7006122
