===
MeshPositions
===
4.798792 0.5565741 1.382042
===
-1.366034 2.89967 -1.703269
===
0.1065809 0.3457584 -4.684062
===
-4.406488 -1.671668 4.627968
===
4.75706 -1.863977 1.463468
===
1.695711 0.5180663 -0.1214962
===
4.055939 0.7558924 6.729594
===
-5.178702 0.6667404 2.251336
===
-4.362859 3.164643 4.443984
===
-3.708618 -1.881938 -0.7340159
===
-0.6133409 -1.852852 0.7613783
===
-3.686804 0.5362171 -0.8260078
===
5.601578 3.051015 3.583436
===
3.999547 2.890101 -1.004179
===
-2.076934 3.113866 3.651279
===
-5.156887 3.084895 2.159344
===
-5.200516 -1.751415 2.343328
===
-5.97273 0.5869931 -0.03330374
===
-2.098748 0.695712 3.743273
===
0.1871781 0.6449372 2.950568
===
2.511958 3.018381 2.072607
===
4.816617 2.974967 1.295538
===
-4.384675 0.746488 4.535976
===
3.30705 3.092149 4.362846
===
-1.402343 -1.931906 -1.524686
===
-5.950915 3.005148 -0.1252961
===
0.9058068 0.4378629 -2.40959
===
0.9806738 0.7251477 5.233916
===
-0.5938376 0.565336 0.6697206
===
-2.159667 2.819379 -3.988483
===
-2.892776 0.6159645 1.458632
===
-5.99851 -1.831321 0.06024361
===
-2.188955 0.4005256 -3.895188
===
-4.475857 0.4527438 -3.109416
===
2.468395 -1.820194 2.255131
===
-2.870962 3.03412 1.366641
===
0.998312 3.142835 5.142528
===
-4.448693 2.872436 -3.196979
===
2.487762 0.5980096 2.163825
===
-2.120562 -1.722444 3.835264
===
-2.91459 -1.802191 1.550624
===
-0.5743343 2.983524 0.5780635
===
-3.664989 2.954372 -0.9179997
===
3.26189 -1.740402 4.543156
===
0.9202703 2.85652 -2.501433
===
3.185774 0.3927904 -3.201372
===
3.981339 0.4718698 -0.9133863
===
0.97539 -1.691676 5.334336
===
0.1749804 -1.761832 3.024013
===
1.712915 2.937011 -0.213275
===
-1.382975 0.4862966 -1.615993
===
3.282528 0.6780602 4.450666
===
-1.27489 3.195007 5.931653
===
5.583754 0.6326226 3.669939
===
-1.304842 0.7762809 6.02778
===
0.8842916 -1.98008 -2.31551
===
0.2121137 3.065873 2.85889
===
1.676343 -1.900137 -0.03018904
===
MeshRotations
===
0.5634851 -0.4057238 0.4161797 0.5870836
===
0.562895 -0.4047191 0.4152788 0.5889781
===
0.562396 -0.4052297 0.4147171 0.5894993
===
0.5632751 -0.4046167 0.4150061 0.5888773
===
0.5638373 -0.4043134 0.4154484 0.5882354
===
0.5633954 -0.4046242 0.4154906 0.5884153
===
0.5630848 -0.4043352 0.4152036 0.5891135
===
0.5632751 -0.4046167 0.4150061 0.5888773
===
0.5632751 -0.4046167 0.4150061 0.5888773
===
0.5632751 -0.4046167 0.4150061 0.5888773
===
0.5634267 -0.4044908 0.4153792 0.5885556
===
0.5632751 -0.4046167 0.4150061 0.5888773
===
0.5634851 -0.4057238 0.4161797 0.5870836
===
0.5635611 -0.4045241 0.4155797 0.5882624
===
0.5632751 -0.4046167 0.4150061 0.5888773
===
0.5632751 -0.4046167 0.4150061 0.5888773
===
0.5632751 -0.4046167 0.4150061 0.5888773
===
0.5632751 -0.4046167 0.4150061 0.5888773
===
0.5632751 -0.4046167 0.4150061 0.5888773
===
0.5632751 -0.4046167 0.4150061 0.5888773
===
0.5634162 -0.40578 0.4158152 0.5873692
===
0.5634851 -0.4057238 0.4161797 0.5870836
===
0.5632751 -0.4046167 0.4150061 0.5888773
===
0.5631695 -0.4047444 0.4154022 0.5886112
===
0.5633954 -0.4046242 0.4154906 0.5884153
===
0.5632751 -0.4046167 0.4150061 0.5888773
===
0.5636618 -0.4040676 0.416376 0.5879166
===
0.5632489 -0.40437 0.4149525 0.5891097
===
0.5634267 -0.4044908 0.4153792 0.5885556
===
0.5630086 -0.4046618 0.4151528 0.5889977
===
0.5632751 -0.4046167 0.4150061 0.5888773
===
0.5631864 -0.4046172 0.4150811 0.588909
===
0.562795 -0.404944 0.4149756 0.5891327
===
0.562923 -0.4047571 0.4148424 0.5892328
===
0.5633954 -0.4046242 0.4154906 0.5884153
===
0.5632751 -0.4046167 0.4150061 0.5888773
===
0.5631055 -0.4042438 0.4151568 0.5891894
===
0.5628912 -0.4049686 0.4151046 0.588933
===
0.5633954 -0.4046242 0.4154906 0.5884153
===
0.5632751 -0.4046167 0.4150061 0.5888773
===
0.5632751 -0.4046167 0.4150061 0.5888773
===
0.5634267 -0.4044908 0.4153792 0.5885556
===
0.5632751 -0.4046167 0.4150061 0.5888773
===
0.5632431 -0.404454 0.4155598 0.5886291
===
0.5635739 -0.4043719 0.4155206 0.5883965
===
0.5637502 -0.4044568 0.4154127 0.5882455
===
0.5635611 -0.4045241 0.4155797 0.5882624
===
0.5632431 -0.404454 0.4155598 0.5886291
===
0.5659415 -0.4044592 0.4146082 0.5867053
===
0.5635611 -0.4045241 0.4155797 0.5882624
===
0.5633954 -0.4046242 0.4154906 0.5884153
===
0.5635041 -0.4044566 0.41543 0.5884692
===
0.5623522 -0.4043573 0.4149306 0.5899896
===
0.5634851 -0.4057238 0.4161797 0.5870836
===
0.5632489 -0.40437 0.4149525 0.5891097
===
0.5633954 -0.4046242 0.4154906 0.5884153
===
0.5633954 -0.4044242 0.4150447 0.5888674
===
0.5633954 -0.4046242 0.4154906 0.5884153
